32 0 0 0 0 32 32
33 32 0 15 45 40 79
34 72 0 8 45 53 49
35 125 0 1 45 68 78
36 193 0 5 48 59 85
37 252 0 0 46 71 79
38 323 0 1 46 69 79
39 392 0 15 45 40 49
40 432 0 9 45 52 88
41 484 0 9 45 52 88
42 536 0 4 48 63 61
43 599 0 4 37 61 61
44 660 0 13 8 43 50
45 703 0 8 19 53 38
46 756 0 14 9 42 43
47 798 0 6 45 58 78
48 856 0 4 46 62 79
49 918 0 7 45 49 78
50 967 0 5 46 61 79
51 1028 0 4 46 61 79
52 1089 0 1 46 66 78
53 1155 0 5 45 60 79
54 1215 0 4 46 61 79
55 1276 0 4 45 62 78
56 1338 0 4 46 61 79
57 1399 0 4 46 61 79
58 1460 0 15 35 40 69
59 1500 0 12 35 43 76
60 1543 0 4 38 61 64
61 1604 0 4 31 61 50
62 1665 0 4 38 61 64
63 1726 0 5 46 60 80
64 1786 0 1 45 69 84
65 1855 0 1 45 69 78
66 1924 0 4 45 64 78
67 0 88 4 46 65 79
68 65 88 4 45 64 78
69 129 88 6 45 59 78
70 188 88 7 45 59 78
71 247 88 3 46 63 79
72 310 88 4 45 62 78
73 372 88 7 45 57 78
74 429 88 4 45 59 79
75 488 88 6 45 63 78
76 551 88 7 45 58 78
77 609 88 3 45 64 78
78 673 88 4 45 62 78
79 735 88 2 46 66 79
80 801 88 5 45 61 78
81 862 88 2 46 66 92
82 928 88 5 45 63 78
83 991 88 4 46 62 79
84 1053 88 3 45 64 78
85 1117 88 3 45 63 79
86 1180 88 1 45 69 78
87 1249 88 0 45 71 78
88 1320 88 1 45 67 78
89 1387 88 1 45 69 78
90 1456 88 3 45 64 78
91 1520 88 12 45 49 88
92 1569 88 6 45 58 78
93 1627 88 9 45 49 88
94 1676 88 3 46 64 61
95 1740 88 -1 -6 72 37
96 1812 88 13 49 45 43
97 1857 88 4 35 60 68
98 1917 88 5 48 62 82
99 1979 88 5 35 60 68
100 0 180 4 48 62 82
101 62 180 4 35 63 68
102 125 180 4 49 62 81
103 187 180 3 35 64 83
104 251 180 5 48 61 81
105 312 180 6 48 60 81
106 372 180 4 48 55 96
107 427 180 6 48 62 81
108 489 180 5 48 60 81
109 549 180 2 35 65 67
110 614 180 5 35 61 67
111 675 180 3 35 64 68
112 739 180 5 35 62 83
113 801 180 4 35 62 83
114 863 180 8 35 57 67
115 920 180 6 35 58 68
116 978 180 4 43 60 77
117 1038 180 5 34 61 67
118 1099 180 2 34 66 67
119 1165 180 -1 34 71 67
120 1236 180 3 34 65 67
121 1301 180 2 34 66 82
122 1367 180 5 34 59 67
123 1426 180 7 45 57 88
124 1483 180 16 48 37 96
125 1520 180 7 45 57 88
126 1577 180 4 26 61 41
127 1638 180 6 45 59 78
128 1697 180 6 45 59 78
129 1756 180 6 45 59 78
130 1815 180 6 45 59 78
131 1874 180 6 45 59 78
132 1933 180 6 45 59 78
133 0 276 6 45 59 78
134 59 276 6 45 59 78
135 118 276 6 45 59 78
136 177 276 6 45 59 78
137 236 276 6 45 59 78
138 295 276 6 45 59 78
139 354 276 6 45 59 78
140 413 276 6 45 59 78
141 472 276 6 45 59 78
142 531 276 6 45 59 78
143 590 276 6 45 59 78
144 649 276 6 45 59 78
145 708 276 6 45 59 78
146 767 276 6 45 59 78
147 826 276 6 45 59 78
148 885 276 6 45 59 78
149 944 276 6 45 59 78
150 1003 276 6 45 59 78
151 1062 276 6 45 59 78
152 1121 276 6 45 59 78
153 1180 276 6 45 59 78
154 1239 276 6 45 59 78
155 1298 276 6 45 59 78
156 1357 276 6 45 59 78
157 1416 276 6 45 59 78
158 1475 276 6 45 59 78
159 1534 276 6 45 59 78
160 1593 276 0 0 32 32
161 1625 276 15 35 40 79
162 1665 276 5 46 60 79
163 1725 276 3 46 63 79
164 1788 276 5 36 60 60
165 1848 276 2 45 66 78
166 1914 276 16 48 37 96
167 1951 276 7 49 56 82
168 0 372 10 46 50 39
169 50 372 0 46 70 79
170 120 372 8 46 52 54
171 172 372 6 30 58 59
172 230 372 4 24 61 49
173 291 372 8 19 53 38
174 344 372 0 46 70 79
175 414 372 -1 53 72 37
176 486 372 9 46 52 52
177 538 372 4 37 61 70
178 599 372 10 46 49 58
179 648 372 10 46 48 58
180 696 372 13 49 45 43
181 741 372 5 34 60 82
182 801 372 2 48 64 89
183 865 372 15 27 40 41
184 905 372 13 0 44 48
185 949 372 11 45 44 57
186 993 372 8 46 53 54
187 1046 372 6 30 58 59
188 1104 372 0 45 70 78
189 1174 372 0 45 71 78
190 1245 372 0 46 70 79
191 1315 372 5 35 60 80
192 1375 372 1 59 69 92
193 1444 372 1 59 69 92
194 1513 372 1 59 69 92
195 1582 372 1 57 69 90
196 1651 372 1 57 69 90
197 1720 372 1 56 69 89
198 1789 372 0 45 70 78
199 1859 372 4 46 65 94
200 1924 372 6 59 59 92
201 1983 372 6 59 59 92
202 0 466 6 59 59 92
203 59 466 6 57 59 90
204 118 466 7 59 57 92
205 175 466 7 59 57 92
206 232 466 7 59 57 92
207 289 466 7 57 57 90
208 346 466 0 45 68 78
209 414 466 4 57 62 90
210 476 466 2 59 66 93
211 542 466 2 59 66 93
212 608 466 2 59 66 93
213 674 466 2 57 66 91
214 740 466 2 57 66 90
215 806 466 6 35 59 59
216 865 466 2 47 66 83
217 931 466 3 59 63 93
218 994 466 3 59 63 93
219 1057 466 3 59 63 93
220 1120 466 3 57 63 90
221 1183 466 1 59 69 92
222 1252 466 5 45 61 78
223 1313 466 5 49 63 82
224 1376 466 4 49 60 82
225 1436 466 4 49 60 82
226 1496 466 4 49 60 82
227 1556 466 4 47 60 80
228 1616 466 4 46 60 80
229 1676 466 4 52 60 85
230 1736 466 1 35 68 68
231 1804 466 5 35 60 83
232 1864 466 4 49 63 82
233 1927 466 4 49 63 82
234 0 559 4 49 63 82
235 63 559 4 46 63 80
236 126 559 6 49 60 81
237 186 559 6 49 60 81
238 246 559 6 49 60 81
239 306 559 6 46 60 79
240 366 559 4 49 62 82
241 428 559 5 47 61 80
242 489 559 3 49 64 82
243 553 559 3 49 64 82
244 617 559 3 49 64 82
245 681 559 3 47 64 80
246 745 559 3 46 64 80
247 809 559 4 37 61 62
248 870 559 3 37 64 72
249 934 559 5 49 61 82
250 995 559 5 49 61 82
251 1056 559 5 49 61 82
252 1117 559 5 46 61 80
253 1178 559 2 49 66 97
254 1244 559 5 48 62 96
255 1306 559 2 46 66 95